2 0.55390625 0.565625 0.0578125 0.075
2 0.60078125 0.6390625 0.0546875 0.07890625
2 0.5875 0.6875 0.053125 0.08125
2 0.63203125 0.7109375 0.0515625 0.0875
2 0.5390625 0.728125 0.04375 0.08359375
2 0.57890625 0.728125 0.0390625 0.08359375
2 0.63203125 0.75 0.0609375 0.07109375
2 0.69921875 0.4390625 0.0515625 0.07890625
2 0.6296875 0.4359375 0.0375 0.07734375
2 0.46875 0.4609375 0.059375 0.07109375
2 0.5390625 0.990625 0.04375 0.01875
2 0.57734375 0.990625 0.0390625 0.01875
2 0.63046875 0.98125 0.0609375 0.03515625
