2 0.66640625 0.646875 0.04140625 0.08515625
2 0.58671875 0.63984375 0.0625 0.053125
2 0.47109375 0.675 0.0578125 0.07890625
2 0.51953125 0.68828125 0.05078125 0.0828125
2 0.59609375 0.75703125 0.05078125 0.08984375
2 0.5609375 0.7671875 0.0546875 0.08671875
2 0.51875 0.76796875 0.03984375 0.08515625
2 0.50234375 0.51796875 0.059375 0.06171875
2 0.6328125 0.44765625 0.04453125 0.08046875
2 0.61796875 0.353125 0.05078125 0.08046875
2 0.59609375 0.9921875 0.05078125 0.015625
2 0.56015625 0.9859375 0.0546875 0.028125
2 0.515625 0.9875 0.040625 0.025
