2 0.30546875 0.628125 0.04296875 0.08828125
2 0.38671875 0.621875 0.0640625 0.05546875
2 0.50625 0.6578125 0.059375 0.08203125
2 0.45703125 0.671875 0.053125 0.0859375
2 0.378125 0.7421875 0.053125 0.0921875
2 0.4140625 0.753125 0.05625 0.08984375
2 0.4578125 0.75390625 0.04140625 0.08828125
2 0.47421875 0.4953125 0.0609375 0.06328125
2 0.33984375 0.42265625 0.04609375 0.08359375
2 0.3546875 0.32578125 0.053125 0.08359375
2 0.378125 0.98828125 0.053125 0.0234375
2 0.4140625 0.9828125 0.05625 0.034375
2 0.459375 0.984375 0.04140625 0.03125
